0.19908198670766952	-2.6707362564713755	-1.203664233096918	-2.1094152123579977	
0.6149408120396324	-1.5450735285872226	0.9078558138037838	2.085581065103728	
-2.4740885806453714	-2.6635787740022603	1.6328364915740243	0.22371773373064557	
-3.2208976652427115	-3.531737690683571	-1.3100402496007086	1.3416790596129955	
-1.320977268820906	-3.802473753228866	-4.537660573856767	1.8959891112789886	
-2.108229596505713	-3.7114303008552563	-1.7712134171219545	3.655722448736749	
-0.4412372096041577	-1.2726964813893127	-2.326084162542357	0.09653750977452762	
-4.062206144120675	-4.857871663348779	1.2604953629198055	-0.06679195339403231	
-0.9891172156527552	-3.8762817570483006	-0.9347546055044316	1.8737736141612393	
-3.1065059546684632	-4.009131119840649	-1.1245366829044214	2.7225208501409113	
2.2716716326754613	4.533575110468149	-0.1444593244540621	-0.2813787858904039	
-2.0166990387244654	-4.470674903854089	-2.409411562183165	2.144367403514883	
-3.4333633257049843	-5.72171675675474	-0.4799755365478482	0.4486305913327827	
-1.9406179577426297	-3.7202757039433725	-2.0309927132121377	3.345096802680586	
-0.49627444441372315	0.18410987395218772	-0.48706633296663854	0.4485885031868248	
